FORMAT 1
MODE 1
 s100209_223908.ideal 1368.87500000 55236.94658568360380002 8.22000 7 
 s100209_223908.ideal 1368.87500000 55236.95179395903450015 7.62000 7 
 s100209_223908.ideal 1368.87500000 55236.95700230399749842 8.96000 7 
 s100209_223908.ideal 1368.87500000 55236.96221065141299889 8.38000 7 
 s100209_231322.256.ideal 1368.87500000 55236.97199068794839860 7.37000 7 
 s100209_234004.256.ideal 1368.87500000 55236.99050928563610086 10.74000 7 
 s100210_000547.256.ideal 1368.87500000 55237.00833336574019938 8.89000 7 
 s100210_001935.256.ideal 1368.87500000 55237.02418982634630140 7.91000 7 
 s100210_005030.256.ideal 1368.87500000 55237.04560182689899861 8.94000 7 
 s100210_012108.256.ideal 1368.87500000 55237.06689820327149931 6.97000 7 
 s100210_015159.ideal 1368.87500000 55237.08240738943380066 7.52000 7 
 s100210_015159.ideal 1368.87500000 55237.09143509482170131 7.05000 7 
 s100210_210808.ideal 1368.87500000 55237.88252314235780105 9.41000 7 
 s100210_210808.ideal 1368.87500000 55237.88599539198050081 9.01000 7 
 s100210_210808.ideal 1368.87500000 55237.88946757415899924 8.44000 7 
 s100210_210808.ideal 1368.87500000 55237.89293975515819923 8.72000 7 
 s100210_210808.ideal 1368.87500000 55237.89641206947450058 11.52000 7 
 s100210_210808.ideal 1368.87500000 55237.89988424851319948 9.68000 7 
 s100210_213900.ideal 1368.87500000 55237.90393518978509846 10.68000 7 
 s100210_213900.ideal 1368.87500000 55237.90740736632740138 9.54000 7 
 s100210_213900.ideal 1368.87500000 55237.91087960871010054 6.15000 7 
 s100210_213900.ideal 1368.87500000 55237.91435178404210049 10.34000 7 
 s100210_213900.ideal 1368.87500000 55237.91660880515360077 12.94000 7 
 s100410_181152.256.ideal 1368.87500000 55296.77430558178900100 11.38000 7 
 s100412_160633.ideal 1368.87500000 55298.67743064368389838 18.60000 7 
 s100412_160633.ideal 1368.87500000 55298.68530089226780078 15.82000 7 
 s100412_160633.ideal 1368.87500000 55298.68923611629200110 11.88000 7 
 s100412_160633.ideal 1368.87500000 55298.69317127354990049 12.80000 7 
 s100412_160633.ideal 1368.87500000 55298.69710649826300042 13.52000 7 
 s100412_160633.ideal 1368.87500000 55298.70104165684839970 9.74000 7 
 s100412_160633.ideal 1368.87500000 55298.70497688381150070 16.36000 7 
 s100412_160633.ideal 1368.87500000 55298.70891211219419858 15.38000 7 
 s100412_160633.ideal 1368.87500000 55298.71203712387769968 14.79000 7 
 s100412_184512.ideal 1368.87500000 55298.78692132920449964 14.57000 7 
 s100412_184512.ideal 1368.87500000 55298.79733803380189983 9.27000 7 
 s100412_184512.ideal 1368.87500000 55298.80775461575440133 11.10000 7 
 s100412_212012.256.ideal 1368.87500000 55298.90763887874560112 7.11000 7 
 s100413_180532.ideal 1368.87500000 55299.75497687767829902 11.58000 7 
 s100413_180532.ideal 1368.87500000 55299.75659731663279928 13.23000 7 
 s100413_180532.ideal 1368.87500000 55299.75821762069519849 11.05000 7 
 s100413_180532.ideal 1368.87500000 55299.76307873230139833 14.44000 7 
 s100413_180532.ideal 1368.87500000 55299.76469917020779832 14.57000 7 
 s100413_180532.ideal 1368.87500000 55299.76793984308099894 16.73000 7 
 s100413_180532.ideal 1368.87500000 55299.76956027932880033 14.54000 7 
 s100413_180532.ideal 1368.87500000 55299.77442138876639888 16.83000 7 
 s100413_180532.ideal 1368.87500000 55299.77766212753569874 14.56000 7 
 s100413_180532.ideal 1368.87500000 55299.77928249662669913 19.24000 7 
 s100413_180532.ideal 1368.87500000 55299.78090279909010007 18.36000 7 
 s100413_180532.ideal 1368.87500000 55299.78252323577800098 13.92000 7 
 s100413_185522.256.ideal 1368.87500000 55299.79305560823160093 9.77000 7 
 s100413_190832.256.ideal 1368.87500000 55299.80208334511949886 17.74000 7 
 s100413_194932.256.ideal 1368.87500000 55299.83055558554369924 12.42000 7 
 s100414_195213.256.ideal 1368.87500000 55300.83611116006819941 10.19000 7 
 s100530_144017.ideal 1368.87500000 55346.61336812971060084 7.01000 7 
 s100530_144017.ideal 1368.87500000 55346.61718748195700002 8.84000 7 
 s100530_144017.ideal 1368.87500000 55346.62100690202769826 9.41000 7 
 s100530_144017.ideal 1368.87500000 55346.62482645642770152 11.08000 7 
 s100530_144017.ideal 1368.87500000 55346.62777777198880003 16.54000 7 
 s100530_150609.ideal 1368.87500000 55346.63217592907109932 9.36000 7 
 s100530_150609.ideal 1368.87500000 55346.63773149124530093 10.83000 7 
 s100530_150609.ideal 1368.87500000 55346.64328698475119950 8.11000 7 
 s100712_140451.256.ideal 1368.87500000 55389.59016203318270044 13.65000 7 
 s100716_125200.ideal 1368.93700000 55393.54143521742579992 8.32000 7 
 s100716_125200.ideal 1368.93700000 55393.55185182137620004 12.35000 7 
 s100716_132249.ideal 1368.93700000 55393.56284726229770143 14.91000 7 
 s100716_132249.ideal 1368.93700000 55393.57326399058050015 7.96000 7 
 s100730_104918.ideal 1368.87500000 55407.45625003897690064 9.53000 7 
 s100730_104918.ideal 1368.87500000 55407.46666668114350074 8.43000 7 
 s100730_104918.ideal 1368.87500000 55407.47708333456409946 7.13000 7 
 s100730_104918.ideal 1368.87500000 55407.48750006503270171 8.50000 7 
 s100730_104918.ideal 1368.87500000 55407.49374999785549889 15.43000 7 
 s100730_115329.ideal 1368.87500000 55407.49820612599420144 12.88000 7 
 s100730_115329.ideal 1368.87500000 55407.50341442438050166 12.77000 7 
 s100730_115329.ideal 1368.87500000 55407.50862278816499895 7.73000 7 
 s100730_115329.ideal 1368.87500000 55407.51383101581809854 16.88000 7 
 s100730_115329.ideal 1368.87500000 55407.51747692681750124 11.17000 7 
 s100731_102138.ideal 1368.87500000 55408.43252312748019861 10.14000 7 
 s100731_102138.ideal 1368.87500000 55408.43391199118759971 8.67000 7 
 s100731_102138.ideal 1368.87500000 55408.43530092208530036 7.89000 7 
 s100731_102138.ideal 1368.87500000 55408.43668978576479844 9.34000 7 
 s100731_102138.ideal 1368.87500000 55408.43807864885890169 10.94000 7 
 s100731_102138.ideal 1368.87500000 55408.43946757950979887 10.80000 7 
 s100731_102138.ideal 1368.87500000 55408.44085644349090103 13.86000 7 
 s100731_102138.ideal 1368.87500000 55408.44224537380739903 8.17000 7 
 s100731_102138.ideal 1368.87500000 55408.44363417022239915 6.36000 7 
 s100731_102138.ideal 1368.87500000 55408.44502310050389937 9.79000 7 
 s100731_102138.ideal 1368.87500000 55408.44641196430449881 7.03000 7 
 s100731_102138.ideal 1368.87500000 55408.44780096195070129 9.43000 7 
 s100731_102138.ideal 1368.87500000 55408.44918975867309996 7.96000 7 
 s100731_102138.ideal 1368.87500000 55408.45057875608240039 11.99000 7 
 s100731_102138.ideal 1368.87500000 55408.45196755314039905 7.94000 7 
 s100731_102138.ideal 1368.87500000 55408.45335648398350159 7.61000 7 
 s100731_102138.ideal 1368.87500000 55408.45474541557949877 9.42000 7 
 s100731_102138.ideal 1368.87500000 55408.45613427977099974 11.62000 7 
 s100731_102138.ideal 1368.87500000 55408.45891207592639915 14.96000 7 
 s100731_102138.ideal 1368.87500000 55408.46030087368750117 13.13000 7 
 s100731_102138.ideal 1368.87500000 55408.46168987280740126 9.89000 7 
 s100731_102138.ideal 1368.87500000 55408.46307873827860035 7.78000 7 
 s100731_102138.ideal 1368.87500000 55408.46446753663780171 8.64000 7 
 s100731_102138.ideal 1368.87500000 55408.46585653637709967 7.26000 7 
 s100731_102138.ideal 1368.87500000 55408.46724533536890078 11.27000 7 
 s100731_102138.ideal 1368.87500000 55408.46863426839509970 7.64000 7 
 s100731_102138.ideal 1368.87500000 55408.47002313469910106 7.99000 7 
 s100731_102138.ideal 1368.87500000 55408.47141206811300052 7.86000 7 
 s100731_102138.ideal 1368.87500000 55408.47280086746879846 17.29000 7 
 s100731_102138.ideal 1368.87500000 55408.47418980198790095 9.87000 7 
 s100731_112550.ideal 1368.87500000 55408.47795139831400135 7.09000 7 
 s100731_112550.ideal 1368.87500000 55408.48107630001030088 6.86000 7 
 s100731_112550.ideal 1368.87500000 55408.48420140347129959 7.07000 7 
 s100731_112550.ideal 1368.87500000 55408.48732637315610106 7.13000 7 
 s100731_112550.ideal 1368.87500000 55408.49045141035610129 8.45000 7 
 s100731_112550.ideal 1368.87500000 55408.49357637998259918 19.45000 7 
 s100731_112550.ideal 1368.87500000 55408.49670134996970106 11.93000 7 
 s100731_112550.ideal 1368.87500000 55408.49982638565840176 12.23000 7 
 s100731_112550.ideal 1368.87500000 55408.50295128772309994 9.64000 7 
 s100731_112550.ideal 1368.87500000 55408.50920135666569877 12.29000 7 
 s100731_112550.ideal 1368.87500000 55408.51545142222359885 12.32000 7 
 s100731_112550.ideal 1368.87500000 55408.51857638676040096 11.62000 7 
 s100801_111218.ideal 1368.87500000 55409.47239589789090175 6.72000 7 
 s100801_111218.ideal 1368.87500000 55409.49392360729410001 5.28000 7 
 s100801_111218.ideal 1368.87500000 55409.50468752647800130 8.93000 7 
 s100801_121629.ideal 1368.87500000 55409.51383101256379859 8.52000 7 
 s100801_121629.ideal 1368.87500000 55409.51834491385400128 12.16000 7 
 s100801_121629.ideal 1368.87500000 55409.52285881390420030 12.03000 7 
 s100801_121629.ideal 1368.87500000 55409.52737264616699875 11.78000 7 
 s100801_124425.ideal 1368.87500000 55409.53362277831470095 7.25000 7 
 s100801_124425.ideal 1368.87500000 55409.53883107684769982 7.65000 7 
 s100801_124425.ideal 1368.87500000 55409.54403944402649884 8.87000 7 
 s100801_124425.ideal 1368.87500000 55409.54924767958110010 8.61000 7 
 s100801_124425.ideal 1368.87500000 55409.55445605183319913 7.73000 7 
 s100801_124425.ideal 1368.87500000 55409.55966442701030061 11.32000 7 
 s100801_124425.ideal 1368.87500000 55409.56487267059580049 10.98000 7 
 s100801_124425.ideal 1368.87500000 55409.57008105084119975 9.34000 7 
 s100801_124425.ideal 1368.87500000 55409.57372691086030159 13.91000 7 
 s100802_081833.ideal 1368.87500000 55410.35335641480289937 7.57000 7 
 s100802_081833.ideal 1368.87500000 55410.36724534533179920 10.72000 7 
 s100802_081833.ideal 1368.87500000 55410.38113422833589894 7.68000 7 
 s100802_092250.256.ideal 1368.87500000 55410.39479177108569985 10.02000 7 
 s100802_113528.ideal 1368.87500000 55410.48848380393449986 13.17000 7 
 s100802_113528.ideal 1368.87500000 55410.49924760281239955 9.81000 7 
 s100802_113528.ideal 1368.87500000 55410.51001152695459950 9.41000 7 
 s100802_113528.ideal 1368.87500000 55410.52077544064880144 7.63000 7 
 s100802_123940.ideal 1368.87500000 55410.53460647956589824 11.01000 7 
 s100802_123940.ideal 1368.87500000 55410.54849543181380156 10.99000 7 
 s100802_123940.ideal 1368.87500000 55410.56238433598479887 6.79000 7 
 s100803_090938.ideal 1368.87500000 55411.38356480759340172 10.46000 7 
 s100803_090938.ideal 1368.87500000 55411.38703708644660040 13.16000 7 
 s100803_090938.ideal 1368.87500000 55411.39050923151100037 13.10000 7 
 s100803_090938.ideal 1368.87500000 55411.39398151058960096 10.74000 7 
 s100803_090938.ideal 1368.87500000 55411.39745372260779988 11.67000 7 
 s100803_090938.ideal 1368.87500000 55411.40092586749370085 8.73000 7 
 s100803_090938.ideal 1368.87500000 55411.40787028860439989 18.07000 7 
 s100803_090938.ideal 1368.87500000 55411.41134256480000175 8.38000 7 
 s100803_090938.ideal 1368.87500000 55411.41481477298659897 12.65000 7 
 s100803_090938.ideal 1368.87500000 55411.41828704653849869 8.65000 7 
 s100803_090938.ideal 1368.87500000 55411.42175918574680082 14.40000 7 
 s100803_090938.ideal 1368.87500000 55411.42453705710549983 9.39000 7 
 s100803_101349.ideal 1368.87500000 55411.42777777239360049 8.83000 7 
 s100803_101349.ideal 1368.87500000 55411.43055557543020129 8.60000 7 
 s100803_101349.ideal 1368.87500000 55411.43333337853340126 7.31000 7 
 s100803_101349.ideal 1368.87500000 55411.43611111446389828 9.78000 7 
 s100803_101349.ideal 1368.87500000 55411.43888891726119894 7.63000 7 
 s100803_101349.ideal 1368.87500000 55411.44444445721610037 7.62000 7 
 s100803_101349.ideal 1368.87500000 55411.44722232808949869 10.83000 7 
 s100803_101349.ideal 1368.87500000 55411.45000006549789973 11.77000 7 
 s100803_101349.ideal 1368.87500000 55411.45277780343780094 16.25000 7 
 s100803_101349.ideal 1368.87500000 55411.45555554259049913 8.37000 7 
 s100803_101349.ideal 1368.87500000 55411.45833341653110082 13.43000 7 
 s100803_101349.ideal 1368.87500000 55411.46111109021279972 13.06000 7 
 s100803_101349.ideal 1368.87500000 55411.46388896570159943 15.15000 7 
 s100803_101349.ideal 1368.87500000 55411.46666677509600163 15.68000 7 
 s100804_095128.ideal 1368.87500000 55412.41105331144520108 8.64000 7 
 s100804_095128.ideal 1368.87500000 55412.41140047914710109 6.04000 7 
 s100804_095128.ideal 1368.87500000 55412.41174771360289952 8.25000 7 
 s100804_095128.ideal 1368.87500000 55412.41209494790910028 10.56000 7 
 s100804_095128.ideal 1368.87500000 55412.41244218242000130 6.89000 7 
 s100804_095128.ideal 1368.87500000 55412.41278941722410067 9.23000 7 
 s100804_095128.ideal 1368.87500000 55412.41313658454309987 9.78000 7 
 s100804_095128.ideal 1368.87500000 55412.41348381945200074 9.24000 7 
 s100804_095128.ideal 1368.87500000 55412.41383105341930104 9.72000 7 
 s100804_095128.ideal 1368.87500000 55412.41417828805120038 7.78000 7 
 s100804_095128.ideal 1368.87500000 55412.41452552252970065 10.58000 7 
 s100804_095128.ideal 1368.87500000 55412.41487275713609861 10.63000 7 
 s100804_095128.ideal 1368.87500000 55412.41521992430159926 9.84000 7 
 s100804_095128.ideal 1368.87500000 55412.41556715915789866 14.46000 7 
 s100804_095128.ideal 1368.87500000 55412.41591439324680124 10.54000 7 
 s100804_095128.ideal 1368.87500000 55412.41626162791520116 8.63000 7 
 s100804_095128.ideal 1368.87500000 55412.41660886198560121 10.08000 7 
 s100804_095128.ideal 1368.87500000 55412.41730326382050009 7.65000 7 
 s100804_095128.ideal 1368.87500000 55412.41765049824719824 6.78000 7 
 s100804_095128.ideal 1368.87500000 55412.41799773260689932 11.91000 7 
 s100804_095128.ideal 1368.87500000 55412.41834496703370050 7.03000 7 
 s100804_095128.ideal 1368.87500000 55412.41869220121330031 9.34000 7 
 s100804_095128.ideal 1368.87500000 55412.41903936870780001 9.09000 7 
 s100804_095128.ideal 1368.87500000 55412.41938660281919837 9.66000 7 
 s100804_095128.ideal 1368.87500000 55412.41973383748360149 9.25000 7 
 s100804_095128.ideal 1368.87500000 55412.42008107151299967 10.71000 7 
 s100804_095128.ideal 1368.87500000 55412.42042830525630137 11.87000 7 
 s100804_095128.ideal 1368.87500000 55412.42077547340180033 6.96000 7 
 s100804_095128.ideal 1368.87500000 55412.42112270735690061 12.76000 7 
 s100804_095128.ideal 1368.87500000 55412.42146994148779982 14.58000 7 
 s100804_095128.ideal 1368.87500000 55412.42181717592109891 8.17000 7 
 s100804_095128.ideal 1368.87500000 55412.42216441025810170 7.90000 7 
 s100804_095128.ideal 1368.87500000 55412.42251164424489929 14.86000 7 
 s100804_095128.ideal 1368.87500000 55412.42285881186440122 8.79000 7 
 s100804_095128.ideal 1368.87500000 55412.42320604567619924 8.09000 7 
 s100804_095128.ideal 1368.87500000 55412.42355328012940063 9.02000 7 
 s100804_095128.ideal 1368.87500000 55412.42390051415599928 10.05000 7 
 s100804_095128.ideal 1368.87500000 55412.42424774821720135 9.97000 7 
 s100804_095128.ideal 1368.87500000 55412.42459491564520135 12.19000 7 
 s100804_095128.ideal 1368.87500000 55412.42494214973559963 9.44000 7 
 s100804_095128.ideal 1368.87500000 55412.42528938408310069 9.93000 7 
 s100804_095128.ideal 1368.87500000 55412.42563661829949950 9.57000 7 
 s100804_095128.ideal 1368.87500000 55412.42598385219150003 10.11000 7 
 s100804_095128.ideal 1368.87500000 55412.42633108637039996 7.95000 7 
 s100804_095128.ideal 1368.87500000 55412.42667825361790079 12.73000 7 
 s100804_095128.ideal 1368.87500000 55412.42702548781529970 9.32000 7 
 s100804_095128.ideal 1368.87500000 55412.42737272197820175 10.80000 7 
 s100804_095128.ideal 1368.87500000 55412.42806719026830109 8.12000 7 
 s100804_095128.ideal 1368.87500000 55412.42841442434179910 11.71000 7 
 s100804_095128.ideal 1368.87500000 55412.42876159154469917 12.44000 7 
 s100804_095128.ideal 1368.87500000 55412.42910882516050108 8.27000 7 
 s100804_095128.ideal 1368.87500000 55412.42945605982230006 12.47000 7 
 s100804_095128.ideal 1368.87500000 55412.42980329375389914 7.51000 7 
 s100804_095128.ideal 1368.87500000 55412.43015052785769825 12.76000 7 
 s100804_095128.ideal 1368.87500000 55412.43049769492980161 10.77000 7 
 s100804_095128.ideal 1368.87500000 55412.43084492933009955 9.56000 7 
 s100804_095128.ideal 1368.87500000 55412.43119216311929875 11.95000 7 
 s100804_095128.ideal 1368.87500000 55412.43153939698990129 11.43000 7 
 s100804_095128.ideal 1368.87500000 55412.43188663149900108 11.94000 7 
 s100804_095128.ideal 1368.87500000 55412.43223386595289881 9.98000 7 
 s100804_095128.ideal 1368.87500000 55412.43258103295829997 10.80000 7 
 s100804_095128.ideal 1368.87500000 55412.43292819961289908 11.63000 7 
 s100804_095128.ideal 1368.87500000 55412.43327543359919929 13.07000 7 
 s100804_095128.ideal 1368.87500000 55412.43362266775550040 15.23000 7 
 s100804_095128.ideal 1368.87500000 55412.43396990195009977 7.61000 7 
 s100804_095128.ideal 1368.87500000 55412.43431706917180080 9.69000 7 
 s100804_095128.ideal 1368.87500000 55412.43466430328030015 7.53000 7 
 s100804_095128.ideal 1368.87500000 55412.43501153732919917 17.64000 7 
 s100804_095128.ideal 1368.87500000 55412.43535877165610160 9.68000 7 
 s100804_095128.ideal 1368.87500000 55412.43570600498379974 10.74000 7 
 s100804_095128.ideal 1368.87500000 55412.43605323961950049 8.03000 7 
 s100804_095128.ideal 1368.87500000 55412.43640040707870043 13.72000 7 
 s100804_095128.ideal 1368.87500000 55412.43674764078379980 10.86000 7 
 s100804_095128.ideal 1368.87500000 55412.43709487486719922 17.90000 7 
 s100804_095128.ideal 1368.87500000 55412.43744210923659921 11.14000 7 
 s100804_095128.ideal 1368.87500000 55412.43778934322699925 10.24000 7 
 s100804_095128.ideal 1368.87500000 55412.43813657714710175 7.49000 7 
 s100804_095128.ideal 1368.87500000 55412.43848374404230128 12.24000 7 
 s100804_095128.ideal 1368.87500000 55412.43883097856620168 8.98000 7 
 s100804_095128.ideal 1368.87500000 55412.43917821241469923 13.59000 7 
 s100804_095128.ideal 1368.87500000 55412.43952544672810134 16.58000 7 
 s100804_095128.ideal 1368.87500000 55412.43987268133700042 9.22000 7 
 s100804_095128.ideal 1368.87500000 55412.44056708171849834 10.14000 7 
 s100804_095128.ideal 1368.87500000 55412.44091431653719937 14.07000 7 
 s100804_095128.ideal 1368.87500000 55412.44126155057359995 8.22000 7 
 s100804_095128.ideal 1368.87500000 55412.44160878499119960 9.99000 7 
 s100804_095128.ideal 1368.87500000 55412.44195601924290173 16.07000 7 
 s100804_095128.ideal 1368.87500000 55412.44230318665719892 13.62000 7 
 s100804_095128.ideal 1368.87500000 55412.44265042048809988 10.74000 7 
 s100804_095128.ideal 1368.87500000 55412.44299765472850083 10.46000 7 
 s100804_095128.ideal 1368.87500000 55412.44334488894019941 16.77000 7 
 s100804_095128.ideal 1368.87500000 55412.44369212342559905 9.76000 7 
 s100804_095128.ideal 1368.87500000 55412.44403935732970012 9.07000 7 
 s100804_095128.ideal 1368.87500000 55412.44438652447029980 14.32000 7 
 s100804_095128.ideal 1368.87500000 55412.44473375875429966 12.88000 7 
 s100804_095128.ideal 1368.87500000 55412.44508099360270137 10.66000 7 
 s100804_095128.ideal 1368.87500000 55412.44542822737840027 12.52000 7 
 s100804_095128.ideal 1368.87500000 55412.44577546132959966 14.65000 7 
 s100804_095128.ideal 1368.87500000 55412.44612262912950129 13.07000 7 
 s100804_095128.ideal 1368.87500000 55412.44646986315419923 8.86000 7 
 s100804_095128.ideal 1368.87500000 55412.44681709729439945 9.86000 7 
 s100804_095128.ideal 1368.87500000 55412.44716433160609981 13.36000 7 
 s100804_095128.ideal 1368.87500000 55412.44751156627199862 17.02000 7 
 s100804_095128.ideal 1368.87500000 55412.44785880048690174 13.31000 7 
 s100804_095128.ideal 1368.87500000 55412.44820596779809918 11.26000 7 
 s100804_095128.ideal 1368.87500000 55412.44855320189079961 14.38000 7 
 s100804_095128.ideal 1368.87500000 55412.44890043659210122 17.75000 7 
 s100804_095128.ideal 1368.87500000 55412.44924767071709937 12.07000 7 
 s100804_095128.ideal 1368.87500000 55412.44959490535590163 17.04000 7 
 s100804_095128.ideal 1368.87500000 55412.44994207217489901 15.54000 7 
 s100804_095128.ideal 1368.87500000 55412.45028930713980131 9.53000 7 
 s100804_095128.ideal 1368.87500000 55412.45063654115969953 13.74000 7 
 s100804_095128.ideal 1368.87500000 55412.45133101042949875 14.56000 7 
 s100804_095128.ideal 1368.87500000 55412.45167824485400132 10.22000 7 
 s100804_095128.ideal 1368.87500000 55412.45202541217830117 18.02000 7 
 s100804_095128.ideal 1368.87500000 55412.45271988155329979 13.03000 7 
 s100804_095128.ideal 1368.87500000 55412.45306711572710157 12.35000 7 
 s100804_095128.ideal 1368.87500000 55412.45341435089079951 8.64000 7 
 s100804_095128.ideal 1368.87500000 55412.45376151785729846 16.23000 7 
 s100804_095128.ideal 1368.87500000 55412.45410875261210037 13.63000 7 
 s100804_095128.ideal 1368.87500000 55412.45445598727770076 10.60000 7 
 s100804_105539.ideal 1368.87500000 55412.45665513964370064 6.64000 7 
 s100804_105539.ideal 1368.87500000 55412.45908564859929868 7.22000 7 
 s100804_105539.ideal 1368.87500000 55412.46151615808490121 7.29000 7 
 s100804_105539.ideal 1368.87500000 55412.46394673545970022 8.98000 7 
 s100804_105539.ideal 1368.87500000 55412.46637724613849940 12.64000 7 
 s100804_105539.ideal 1368.87500000 55412.46880782421440159 9.76000 7 
 s100804_105539.ideal 1368.87500000 55412.47123847019929954 8.81000 7 
 s100804_105539.ideal 1368.87500000 55412.47366891516600163 10.79000 7 
 s100804_105539.ideal 1368.87500000 55412.47853007423540106 14.91000 7 
 s100804_105539.ideal 1368.87500000 55412.48096065380540054 10.93000 7 
 s100804_105539.ideal 1368.87500000 55412.48582167911149909 16.90000 7 
 s100804_105539.ideal 1368.87500000 55412.48825225909549985 8.36000 7 
 s100804_105539.ideal 1368.87500000 55412.49068283836560056 12.37000 7 
 s100804_105539.ideal 1368.87500000 55412.49311335025889846 10.46000 7 
 s100804_105539.ideal 1368.87500000 55412.49797443958010135 7.55000 7 
 s100920_084449.ideal 1368.87500000 55459.36608786869109977 7.95000 7 
 s100920_084449.ideal 1368.87500000 55459.36863417696509870 7.80000 7 
 s100920_084449.ideal 1368.87500000 55459.37118048578980023 9.34000 7 
 s100920_084449.ideal 1368.87500000 55459.37291663043490075 12.47000 7 
 s100921_032433.256.ideal 1368.87500000 55460.14837956114200068 7.36000 7 
 s101104_021335.256.ideal 1368.87500000 55504.10497680266849940 7.12000 7 
 s101104_080802.256.ideal 1368.87500000 55504.34097210314079973 18.70000 7 
 s101105_040202.256.ideal 1368.87500000 55505.17013882062479979 15.29000 7 
 s101105_080303.ideal 1368.75000000 55505.33854155389110119 13.76000 7 
 s101105_080303.ideal 1368.75000000 55505.34409721212470146 12.13000 7 
 s101106_053653.256.ideal 1368.87500000 55506.23888879060750057 10.26000 7 
 s101106_070032.256.ideal 1368.87500000 55506.29687487533159995 13.69000 7 
 s101118_053508.256.ideal 1368.87500000 55518.24189815905079826 8.13000 7 
 s101207_041514.ideal 1368.87500000 55537.17824067084089990 6.98000 7 
 s101207_041514.ideal 1368.87500000 55537.17962964870530129 7.88000 7 
 s101207_041514.ideal 1368.87500000 55537.18101849192370167 8.27000 7 
 s101207_041514.ideal 1368.87500000 55537.18240740271570033 7.25000 7 
 s101207_041514.ideal 1368.87500000 55537.18379624674150108 12.36000 7 
 s101207_041514.ideal 1368.87500000 55537.18518509085459911 10.02000 7 
 s101207_041514.ideal 1368.87500000 55537.18657406871329840 11.17000 7 
 s101207_041514.ideal 1368.87500000 55537.18796298052230043 11.78000 7 
 s101207_041514.ideal 1368.87500000 55537.18935175817109950 10.91000 7 
 s101207_041514.ideal 1368.87500000 55537.19074073757339960 6.91000 7 
 s101222_213714.ideal 1368.87500000 55552.90659713294479971 8.71000 7 
 s101222_213714.ideal 1368.87500000 55552.91701378105690168 7.17000 7 
 s101222_213714.ideal 1368.87500000 55552.93784718410810086 10.21000 7 
 s101222_224133.ideal 1368.87500000 55552.95104161346949923 14.34000 7 
 s101222_224133.ideal 1368.87500000 55552.96145823916409867 12.75000 7 
 s101222_224133.ideal 1368.87500000 55552.97187494106909966 10.31000 7 
 s101222_224133.ideal 1368.87500000 55552.98229158670320160 8.92000 7 
 s110125_231957.256.ideal 1368.87500000 55586.97499999099100165 9.37000 7 
 s110125_233617.ideal 1368.87500000 55586.98518517675350026 8.50000 7 
 s110125_233617.ideal 1368.87500000 55586.98750000286059958 14.23000 7 
 s110125_233617.ideal 1368.87500000 55586.98981469518979992 9.72000 7 
 s110125_233617.ideal 1368.87500000 55586.99212958896010051 15.93000 7 
 s110125_233617.ideal 1368.87500000 55586.99444441630440039 14.90000 7 
