FORMAT 1
MODE 1
 s100804_095128.ideal 1368.87500000 55412.41105331144520108 8.64000 7 
 s100804_095128.ideal 1368.87500000 55412.41140047914710109 6.04000 7 
 s100804_095128.ideal 1368.87500000 55412.41174771360289952 8.25000 7 
 s100804_095128.ideal 1368.87500000 55412.41209494790910028 10.56000 7 
 s100804_095128.ideal 1368.87500000 55412.41244218242000130 6.89000 7 
 s100804_095128.ideal 1368.87500000 55412.41278941722410067 9.23000 7 
 s100804_095128.ideal 1368.87500000 55412.41313658454309987 9.78000 7 
 s100804_095128.ideal 1368.87500000 55412.41348381945200074 9.24000 7 
 s100804_095128.ideal 1368.87500000 55412.41383105341930104 9.72000 7 
 s100804_095128.ideal 1368.87500000 55412.41417828805120038 7.78000 7 
 s100804_095128.ideal 1368.87500000 55412.41452552252970065 10.58000 7 
 s100804_095128.ideal 1368.87500000 55412.41487275713609861 10.63000 7 
 s100804_095128.ideal 1368.87500000 55412.41521992430159926 9.84000 7 
 s100804_095128.ideal 1368.87500000 55412.41556715915789866 14.46000 7 
 s100804_095128.ideal 1368.87500000 55412.41591439324680124 10.54000 7 
 s100804_095128.ideal 1368.87500000 55412.41626162791520116 8.63000 7 
 s100804_095128.ideal 1368.87500000 55412.41660886198560121 10.08000 7 
 s100804_095128.ideal 1368.87500000 55412.41730326382050009 7.65000 7 
 s100804_095128.ideal 1368.87500000 55412.41765049824719824 6.78000 7 
 s100804_095128.ideal 1368.87500000 55412.41799773260689932 11.91000 7 
 s100804_095128.ideal 1368.87500000 55412.41834496703370050 7.03000 7 
 s100804_095128.ideal 1368.87500000 55412.41869220121330031 9.34000 7 
 s100804_095128.ideal 1368.87500000 55412.41903936870780001 9.09000 7 
 s100804_095128.ideal 1368.87500000 55412.41938660281919837 9.66000 7 
 s100804_095128.ideal 1368.87500000 55412.41973383748360149 9.25000 7 
 s100804_095128.ideal 1368.87500000 55412.42008107151299967 10.71000 7 
 s100804_095128.ideal 1368.87500000 55412.42042830525630137 11.87000 7 
 s100804_095128.ideal 1368.87500000 55412.42077547340180033 6.96000 7 
 s100804_095128.ideal 1368.87500000 55412.42112270735690061 12.76000 7 
 s100804_095128.ideal 1368.87500000 55412.42146994148779982 14.58000 7 
 s100804_095128.ideal 1368.87500000 55412.42181717592109891 8.17000 7 
 s100804_095128.ideal 1368.87500000 55412.42216441025810170 7.90000 7 
 s100804_095128.ideal 1368.87500000 55412.42251164424489929 14.86000 7 
 s100804_095128.ideal 1368.87500000 55412.42285881186440122 8.79000 7 
 s100804_095128.ideal 1368.87500000 55412.42320604567619924 8.09000 7 
 s100804_095128.ideal 1368.87500000 55412.42355328012940063 9.02000 7 
 s100804_095128.ideal 1368.87500000 55412.42390051415599928 10.05000 7 
 s100804_095128.ideal 1368.87500000 55412.42424774821720135 9.97000 7 
 s100804_095128.ideal 1368.87500000 55412.42459491564520135 12.19000 7 
 s100804_095128.ideal 1368.87500000 55412.42494214973559963 9.44000 7 
 s100804_095128.ideal 1368.87500000 55412.42528938408310069 9.93000 7 
 s100804_095128.ideal 1368.87500000 55412.42563661829949950 9.57000 7 
 s100804_095128.ideal 1368.87500000 55412.42598385219150003 10.11000 7 
 s100804_095128.ideal 1368.87500000 55412.42633108637039996 7.95000 7 
 s100804_095128.ideal 1368.87500000 55412.42667825361790079 12.73000 7 
 s100804_095128.ideal 1368.87500000 55412.42702548781529970 9.32000 7 
 s100804_095128.ideal 1368.87500000 55412.42737272197820175 10.80000 7 
 s100804_095128.ideal 1368.87500000 55412.42806719026830109 8.12000 7 
 s100804_095128.ideal 1368.87500000 55412.42841442434179910 11.71000 7 
 s100804_095128.ideal 1368.87500000 55412.42876159154469917 12.44000 7 
 s100804_095128.ideal 1368.87500000 55412.42910882516050108 8.27000 7 
 s100804_095128.ideal 1368.87500000 55412.42945605982230006 12.47000 7 
 s100804_095128.ideal 1368.87500000 55412.42980329375389914 7.51000 7 
 s100804_095128.ideal 1368.87500000 55412.43015052785769825 12.76000 7 
 s100804_095128.ideal 1368.87500000 55412.43049769492980161 10.77000 7 
 s100804_095128.ideal 1368.87500000 55412.43084492933009955 9.56000 7 
 s100804_095128.ideal 1368.87500000 55412.43119216311929875 11.95000 7 
 s100804_095128.ideal 1368.87500000 55412.43153939698990129 11.43000 7 
 s100804_095128.ideal 1368.87500000 55412.43188663149900108 11.94000 7 
 s100804_095128.ideal 1368.87500000 55412.43223386595289881 9.98000 7 
 s100804_095128.ideal 1368.87500000 55412.43258103295829997 10.80000 7 
 s100804_095128.ideal 1368.87500000 55412.43292819961289908 11.63000 7 
 s100804_095128.ideal 1368.87500000 55412.43327543359919929 13.07000 7 
 s100804_095128.ideal 1368.87500000 55412.43362266775550040 15.23000 7 
 s100804_095128.ideal 1368.87500000 55412.43396990195009977 7.61000 7 
 s100804_095128.ideal 1368.87500000 55412.43431706917180080 9.69000 7 
 s100804_095128.ideal 1368.87500000 55412.43466430328030015 7.53000 7 
 s100804_095128.ideal 1368.87500000 55412.43501153732919917 17.64000 7 
 s100804_095128.ideal 1368.87500000 55412.43535877165610160 9.68000 7 
 s100804_095128.ideal 1368.87500000 55412.43570600498379974 10.74000 7 
 s100804_095128.ideal 1368.87500000 55412.43605323961950049 8.03000 7 
 s100804_095128.ideal 1368.87500000 55412.43640040707870043 13.72000 7 
 s100804_095128.ideal 1368.87500000 55412.43674764078379980 10.86000 7 
 s100804_095128.ideal 1368.87500000 55412.43709487486719922 17.90000 7 
 s100804_095128.ideal 1368.87500000 55412.43744210923659921 11.14000 7 
 s100804_095128.ideal 1368.87500000 55412.43778934322699925 10.24000 7 
 s100804_095128.ideal 1368.87500000 55412.43813657714710175 7.49000 7 
 s100804_095128.ideal 1368.87500000 55412.43848374404230128 12.24000 7 
 s100804_095128.ideal 1368.87500000 55412.43883097856620168 8.98000 7 
 s100804_095128.ideal 1368.87500000 55412.43917821241469923 13.59000 7 
 s100804_095128.ideal 1368.87500000 55412.43952544672810134 16.58000 7 
 s100804_095128.ideal 1368.87500000 55412.43987268133700042 9.22000 7 
 s100804_095128.ideal 1368.87500000 55412.44056708171849834 10.14000 7 
 s100804_095128.ideal 1368.87500000 55412.44091431653719937 14.07000 7 
 s100804_095128.ideal 1368.87500000 55412.44126155057359995 8.22000 7 
 s100804_095128.ideal 1368.87500000 55412.44160878499119960 9.99000 7 
 s100804_095128.ideal 1368.87500000 55412.44195601924290173 16.07000 7 
 s100804_095128.ideal 1368.87500000 55412.44230318665719892 13.62000 7 
 s100804_095128.ideal 1368.87500000 55412.44265042048809988 10.74000 7 
 s100804_095128.ideal 1368.87500000 55412.44299765472850083 10.46000 7 
 s100804_095128.ideal 1368.87500000 55412.44334488894019941 16.77000 7 
 s100804_095128.ideal 1368.87500000 55412.44369212342559905 9.76000 7 
 s100804_095128.ideal 1368.87500000 55412.44403935732970012 9.07000 7 
 s100804_095128.ideal 1368.87500000 55412.44438652447029980 14.32000 7 
 s100804_095128.ideal 1368.87500000 55412.44473375875429966 12.88000 7 
 s100804_095128.ideal 1368.87500000 55412.44508099360270137 10.66000 7 
 s100804_095128.ideal 1368.87500000 55412.44542822737840027 12.52000 7 
 s100804_095128.ideal 1368.87500000 55412.44577546132959966 14.65000 7 
 s100804_095128.ideal 1368.87500000 55412.44612262912950129 13.07000 7 
 s100804_095128.ideal 1368.87500000 55412.44646986315419923 8.86000 7 
 s100804_095128.ideal 1368.87500000 55412.44681709729439945 9.86000 7 
 s100804_095128.ideal 1368.87500000 55412.44716433160609981 13.36000 7 
 s100804_095128.ideal 1368.87500000 55412.44751156627199862 17.02000 7 
 s100804_095128.ideal 1368.87500000 55412.44785880048690174 13.31000 7 
 s100804_095128.ideal 1368.87500000 55412.44820596779809918 11.26000 7 
 s100804_095128.ideal 1368.87500000 55412.44855320189079961 14.38000 7 
 s100804_095128.ideal 1368.87500000 55412.44890043659210122 17.75000 7 
 s100804_095128.ideal 1368.87500000 55412.44924767071709937 12.07000 7 
 s100804_095128.ideal 1368.87500000 55412.44959490535590163 17.04000 7 
 s100804_095128.ideal 1368.87500000 55412.44994207217489901 15.54000 7 
 s100804_095128.ideal 1368.87500000 55412.45028930713980131 9.53000 7 
 s100804_095128.ideal 1368.87500000 55412.45063654115969953 13.74000 7 
 s100804_095128.ideal 1368.87500000 55412.45133101042949875 14.56000 7 
 s100804_095128.ideal 1368.87500000 55412.45167824485400132 10.22000 7 
 s100804_095128.ideal 1368.87500000 55412.45202541217830117 18.02000 7 
 s100804_095128.ideal 1368.87500000 55412.45271988155329979 13.03000 7 
 s100804_095128.ideal 1368.87500000 55412.45306711572710157 12.35000 7 
 s100804_095128.ideal 1368.87500000 55412.45341435089079951 8.64000 7 
 s100804_095128.ideal 1368.87500000 55412.45376151785729846 16.23000 7 
 s100804_095128.ideal 1368.87500000 55412.45410875261210037 13.63000 7 
 s100804_095128.ideal 1368.87500000 55412.45445598727770076 10.60000 7 
 s100804_105539.ideal 1368.87500000 55412.45665513964370064 6.64000 7 
 s100804_105539.ideal 1368.87500000 55412.45908564859929868 7.22000 7 
 s100804_105539.ideal 1368.87500000 55412.46151615808490121 7.29000 7 
 s100804_105539.ideal 1368.87500000 55412.46394673545970022 8.98000 7 
 s100804_105539.ideal 1368.87500000 55412.46637724613849940 12.64000 7 
 s100804_105539.ideal 1368.87500000 55412.46880782421440159 9.76000 7 
 s100804_105539.ideal 1368.87500000 55412.47123847019929954 8.81000 7 
 s100804_105539.ideal 1368.87500000 55412.47366891516600163 10.79000 7 
 s100804_105539.ideal 1368.87500000 55412.47853007423540106 14.91000 7 
 s100804_105539.ideal 1368.87500000 55412.48096065380540054 10.93000 7 
 s100804_105539.ideal 1368.87500000 55412.48582167911149909 16.90000 7 
 s100804_105539.ideal 1368.87500000 55412.48825225909549985 8.36000 7 
 s100804_105539.ideal 1368.87500000 55412.49068283836560056 12.37000 7 
 s100804_105539.ideal 1368.87500000 55412.49311335025889846 10.46000 7 
 s100804_105539.ideal 1368.87500000 55412.49797443958010135 7.55000 7 
 